P_FarecardID
31240103000003000
31240103000006000
31240103000008000
31240103000010000
31240103000011000
31240103000012000
31240103000013000
31240103000015000
31240103000016000
31240103000017000
31240103000019000
31240103000020000
31240103000021000
31240103000022000
31240103000025000
31240103000028000
31240103000029000
31240103000031000
31240103000035000
31240103000036000
31240103000040000
31240103000041000
31240103000043000
31240103000045000
31240103000046000
31240103000047000
31240103000050000
31240103000052000
31240103000054000
31240103000055000
31240103000057000
31240103000058000
31240103000061000
31240103000064000
31240103000065000
31240103000066000
31240103000069000
31240103000072000
31240103000073000
31240103000074000
31240103000075000
31240103000076000
31240103000077000
31240103000080000
31240103000081000
31240103000082000
31240103000083000
31240103000084000
31240103000087000
31240103000088000
31240103000089000
31240103000090000
31240103000094000
31240103000096000
31240103000097000
31240103000098000
31240103000099000
31240103000100000
31240103000101000
31240103000102000
31240103000103000
31240103000105000
31240103000106000
31240103000107000
31240103000108000
31240103000109000
31240103000110000
31240103000111000
31240103000112000
31240103000113000
31240103000115000
31240103000116000
31240103000117000
31240103000118000
31240103000119000
31240103000120000
31240103000121000
31240103000122000
31240103000123000
31240103000124000
31240103000125000
31240103000126000
31240103000127000
31240103000128000
31240103000129000
31240103000130000
31240103000131000
31240103000132000
31240103000133000
31240103000136000
31240103000137000
31240103000138000
31240103000139000
31240103000141000
31240103000142000
31240103000143000
31240103000144000
31240103000145000
31240103000146000
31240103000147000
31240103000148000
31240103000149000
31240103000150000
31240103000151000
31240103000152000
31240103000153000
31240103000154000
31240103000155000
31240103000156000
31240103000157000
31240103000158000
31240103000159000
31240103000161000
31240103000162000
31240103000163000
31240103000164000
31240103000165000
31240103000166000
31240103000167000
31240103000168000
31240103000172000
31240103000173000
31240103000174000
31240103000175000
31240103000176000
31240103000177000
31240103000180000
31240103000181000
31240103000182000
31240103000183000
31240103000184000
31240103000186000
31240103000187000
31240103000188000
31240103000189000
31240103000190000
31240103000191000
31240103000192000
31240103000193000
31240103000195000
31240103000196000
31240103000197000
31240103000199000
31240103000200000
31240103000203000
31240103000207000
31240103000208000
31240103000209000
31240103000210000
31240103000211000
31240103000213000
31240103000214000
31240103000216000
31240103000217000
31240103000219000
31240103000221000
31240103000223000
31240103000225000
31240103000227000
31240103000229000
31240103000230000
31240103000231000
31240103000233000
31240103000238000
31240103000239000
31240103000240000
31240103000241000
31240103000242000
31240103000243000
31240103000245000
31240103000246000
31240103000248000
31240103000249000
31240103000250000
31240103000251000
31240103000252000
31240103000253000
31240103000254000
31240103000255000
31240103000256000
31240103000257000
31240103000258000
31240103000259000
31240103000260000
31240103000264000
31240103000266000
31240103000267000
31240103000268000
31240103000269000
31240103000270000
31240103000271000
31240103000273000
31240103000274000
31240103000275000
31240103000277000
31240103000278000
31240103000279000
31240103000280000
31240103000281000
31240103000282000
31240103000284000
31240103000285000
31240103000286000
31240103000287000
31240103000288000
31240103000289000
31240103000290000
31240103000291000
31240103000292000
31240103000294000
31240103000295000
31240103000296000
31240103000297000
31240103000298000
31240103000299000
31240103000300000
31240103000301000
31240103000302000
31240103000303000
31240103000304000
31240103000305000
31240103000306000
31240103000308000
31240103000309000
31240103000310000
31240103000311000
31240103000312000
31240103000313000
31240103000314000
31240103000315000
31240103000316000
31240103000317000
31240103000318000
31240103000320000
31240103000321000
31240103000322000
31240103000323000
31240103000324000
31240103000325000
31240103000326000
31240103000327000
31240103000331000
31240103000332000
31240103000333000
31240103000334000
31240103000335000
31240103000336000
31240103000337000
31240103000338000
31240103000340000
31240103000341000
31240103000342000
31240103000343000
31240103000344000
31240103000345000
31240103000346000
31240103000347000
31240103000348000
31240103000349000
31240103000350000
31240103000351000
31240103000352000
31240103000353000
31240103000355000
31240103000357000
31240103000358000
31240103000359000
31240103000360000
31240103000361000
31240103000362000
31240103000363000
31240103000364000
31240103000365000
31240103000366000
31240103000367000
31240103000371000
31240103000372000
31240103000374000
31240103000375000
31240103000377000
31240103000378000
31240103000379000
31240103000380000
31240103000381000
31240103000382000
31240103000383000
31240103000384000
31240103000385000
31240103000387000
31240103000388000
31240103000389000
31240103000390000
31240103000391000
31240103000393000
31240103000394000
31240103000395000
31240103000396000
31240103000397000
31240103000398000
31240103000399000
31240103000400000
31240103000402000
31240103000403000
31240103000404000
31240103000405000
31240103000408000
31240103000409000
31240103000411000
31240103000413000
31240103000414000
31240103000415000
31240103000417000
31240103000419000
31240103000421000
31240103000422000
31240103000423000
31240103000425000
31240103000427000
31240103000428000
31240103000431000
31240103000432000
31240103000433000
31240103000435000
31240103000436000
31240103000440000
31240103000441000
31240103000444000
31240103000446000
31240103000448000
31240103000449000
31240103000450000
31240103000452000
31240103000453000
31240103000456000
31240103000457000
31240103000458000
31240103000459000
31240103000460000
31240103000461000
31240103000462000
31240103000463000
31240103000464000
31240103000465000
31240103000466000
31240103000467000
31240103000468000
31240103000469000
31240103000470000
31240103000471000
31240103000472000
31240103000474000
31240103000475000
31240103000476000
31240103000477000
31240103000478000
31240103000479000
31240103000480000
31240103000481000
31240103000482000
31240103000483000
31240103000484000
31240103000485000
31240103000486000
31240103000487000
31240103000488000
31240103000489000
31240103000491000
31240103000492000
31240103000493000
31240103000494000
31240103000495000
31240103000496000
31240103000498000
31240103000499000
31240103000500000
31240103000501000
31240103000502000
31240103000505000
31240103000507000
31240103000508000
31240103000509000
31240103000510000
31240103000511000
31240103000512000
31240103000513000
31240103000517000
31240103000518000
31240103000519000
31240103000520000
31240103000522000
31240103000523000
31240103000524000
31240103000528000
31240103000529000
31240103000530000
31240103000531000
31240103000533000
31240103000534000
31240103000536000
31240103000537000
31240103000540000
31240103000544000
31240103000549000
31240103000550000
31240103000551000
31240103000555000
31240103000556000
31240103000557000
31240103000558000
31240103000560000
31240103000562000
31240103000563000
31240103000564000
31240103000565000
31240103000568000
31240103000570000
31240103000572000
31240103000573000
31240103000575000
31240103000578000
31240103000580000
31240103000581000
31240103000584000
31240103000586000
31240103000587000
31240103000589000
31240103000590000
31240103000594000
31240103000595000
31240103000596000
31240103000601000
31240103000602000
31240103000604000
31240103000605000
31240103000606000
31240103000607000
31240103000608000
31240103000609000
31240103000611000
31240103000614000
31240103000615000
31240103000617000
31240103000618000
31240103000619000
31240103000622000
31240103000623000
31240103000626000
31240103000627000
31240103000629000
31240103000631000
31240103000635000
31240103000638000
31240103000642000
31240103000643000
31240103000644000
31240103000645000
31240103000646000
31240103000648000
31240103000649000
31240103000650000
31240103000651000
31240103000652000
31240103000654000
31240103000656000
31240103000657000
31240103000658000
31240103000659000
31240103000661000
31240103000662000
31240103000663000
31240103000665000
31240103000666000
31240103000667000
31240103000668000
31240103000669000
31240103000670000
31240103000671000
31240103000672000
31240103000673000
31240103000675000
31240103000676000
31240103000677000
31240103000678000
31240103000679000
31240103000680000
31240103000681000
31240103000682000
31240103000683000
31240103000686000
31240103000688000
31240103000689000
31240103000690000
31240103000691000
31240103000693000
31240103000697000
31240103000699000
31240103000700000
31240103000703000
31240103000704000
31240103000705000
31240103000706000
31240103000707000
31240103000708000
31240103000709000
31240103000710000
31240103000711000
31240103000712000
31240103000713000
31240103000714000
31240103000716000
31240103000717000
31240103000718000
31240103000719000
31240103000721000
31240103000722000
31240103000725000
31240103000726000
31240103000727000
31240103000728000
31240103000729000
31240103000730000
31240103000731000
31240103000733000
31240103000734000
31240103000737000
31240103000738000
31240103000739000
31240103000741000
31240103000742000
31240103000743000
31240103000745000
31240103000746000
31240103000747000
31240103000748000
31240103000749000
31240103000750000
31240103000751000
31240103000752000
31240103000753000
31240103000755000
31240103000756000
31240103000757000
31240103000758000
31240103000759000
31240103000760000
31240103000761000
31240103000762000
31240103000763000
31240103000764000
31240103000765000
31240103000766000
31240103000767000
31240103000768000
31240103000770000
31240103000771000
31240103000772000
31240103000773000
31240103000774000
31240103000775000
31240103000776000
31240103000777000
31240103000781000
31240103000782000
31240103000784000
31240103000785000
31240103000786000
31240103000787000
31240103000788000
31240103000789000
31240103000791000
31240103000792000
31240103000793000
31240103000796000
31240103000797000
31240103000801000
31240103000802000
31240103000803000
31240103000804000
31240103000805000
31240103000807000
31240103000810000
31240103000811000
31240103000812000
31240103000814000
31240103000815000
31240103000816000
31240103000818000
31240103000820000
31240103000822000
31240103000824000
31240103000825000
31240103000826000
31240103000827000
31240103000828000
31240103000830000
31240103000831000
31240103000832000
31240103000833000
31240103000834000
31240103000835000
31240103000838000
31240103000841000
31240103000843000
31240103000844000
31240103000845000
31240103000846000
31240103000847000
31240103000849000
31240103000850000
31240103000851000
31240103000852000
31240103000853000
31240103000854000
31240103000855000
31240103000856000
31240103000857000
31240103000858000
31240103000859000
31240103000861000
31240103000862000
31240103000863000
31240103000864000
31240103000865000
31240103000867000
31240103000868000
31240103000869000
31240103000872000
31240103000873000
31240103000874000
31240103000877000
31240103000878000
31240103000882000
31240103000883000
31240103000886000
31240103000888000
31240103000892000
31240103000893000
31240103000895000
31240103000896000
31240103000897000
31240103000899000
31240103000900000
31240103000902000
31240103000903000
31240103000904000
31240103000905000
31240103000907000
31240103000908000
31240103000909000
31240103000910000
31240103000912000
31240103000914000
31240103000916000
31240103000917000
31240103000920000
31240103000922000
31240103000923000
31240103000926000
31240103000927000
31240103000929000
31240103000932000
31240103000933000
31240103000934000
31240103000935000
31240103000936000
31240103000939000
31240103000940000
31240103000941000
31240103000943000
31240103000945000
31240103000946000
31240103000947000
31240103000948000
31240103000953000
31240103000954000
31240103000955000
31240103000956000
31240103000957000
31240103000959000
31240103000961000
31240103000962000
31240103000964000
31240103000966000
31240103000969000
31240103000970000
31240103000971000
31240103000972000
31240103000975000
31240103000976000
31240103000977000
31240103000978000
31240103000979000
31240103000981000
31240103000982000
31240103000983000
31240103000985000
31240103000986000
31240103000987000
31240103000988000
31240103000989000
31240103000990000
31240103000991000
31240103000992000
31240103000993000
31240103000994000
31240103000995000
31240103000996000
31240103000997000
31240103000998000
31240103000999000
31240103001000000
31240103001001000
31240103001002000
31240103001003000
31240103001004000
31240103001005000
31240103001006000
31240103001007000
31240103001008000
31240103001009000
31240103001010000
31240103001011000
31240103001012000
31240103001013000
31240103001015000
31240103001016000
31240103001018000
31240103001019000
31240103001020000
31240103001022000
31240103002000000
31240103002001000
31240103002002000
31240103002003000
31240103002005000
31240103002006000
31240103002007000
31240103002009000
31240103002010000
31240103002011000
31240103002012000
31240103002014000
31240103002015000
31240103002016000
31240103002017000
31240103002019000
31240103002020000
31240103002021000
31240103002022000
31240103002023000
31240103002024000
31240103003000000
31240103003001000
31240103003002000
31240103003003000
31240103003004000
31240103003005000
31240103003006000
31240103003007000
31240103003008000
31240103003010000
31240103003011000
31240103003012000
31240103003013000
31240103003014000
31240103003015000
31240103003016000
31240103003017000
31240103003018000
31240103003019000
31240103003020000
31240103003021000
31240103003022000
31240103003023000
31240103003024000
31240103003026000
31240103003027000
31240103003028000
31240103003029000
31240103003030000
31240103003031000
31240103003032000
31240103003033000
31240103003034000
31240103003035000
31240103003036000
31240103003037000
31240103003038000
31240103003039000
31240103003040000
31240103003041000
31240103003042000
31240103003043000
31240103003044000
31240103003045000
31240103003046000
31240103003047000
31240103003048000
31240103003049000
31240103003050000
31240103003051000
31240103003052000
31240103003053000
31240103003054000
31240103003055000
31240103003056000
31240103003057000
31240103003058000
31240103003059000
31240103003060000
31240103003061000
31240103003062000
31240103003063000
31240103003065000
31240103003066000
31240103003067000
31240103003068000
31240103003069000
31240103003072000
31240103003073000
31240103003074000
31240103003075000
31240103003076000
31240103003077000
31240103003078000
31240103003079000
31240103003080000
31240103003083000
31240103003084000
31240103003085000
31240103003086000
31240103003087000
31240103003088000
31240103003089000
31240103003090000
31240103003091000
31240103003093000
31240103003094000
31240103003095000
31240103003096000
31240103003097000
31240103003098000
31240103003099000
31240103003100000
31240103003101000
31240103003102000
31240103003103000
31240103003104000
31240103003105000
31240103003106000
31240103003107000
31240103003108000
31240103003109000
31240103003110000
31240103003111000
31240103003112000
31240103003113000
31240103003114000
31240103003115000
31240103003116000
31240103003117000
31240103003118000
31240103003119000
31240103003120000
31240103003121000
31240103003122000
31240103003123000
31240103003124000
31240103003126000
31240103003127000
31240103003128000
31240103003129000
31240103003130000
31240103003131000
31240103003132000
31240103003133000
31240103003134000
31240103003136000
31240103003137000
31240103003138000
31240103003139000
31240103003140000
31240103003141000
31240103003142000
31240103003143000
31240103003144000
31240103003145000
31240103003147000
31240103003148000
31240103003149000
31240103003152000
31240103003154000
31240103003155000
31240103003156000
31240103003157000
31240103003158000
31240103003159000
31240103003160000
31240103003161000
31240103003162000
31240103003163000
31240103003164000
31240103003165000
31240103003166000
31240103003167000
31240103003168000
31240103003169000
31240103003170000
31240103003171000
31240103003172000
31240103003173000
31240103003174000
31240103003175000
31240103003176000
31240103003177000
31240103003178000
31240103003179000
31240103003180000
31240103003181000
31240103003182000
31240103003183000
31240103003184000
31240103003185000
31240103003186000
31240103003187000
31240103003188000
31240103003189000
31240103003190000
31240103003191000
31240103003192000
31240103003193000
31240103003194000
31240103003195000
31240103003196000
31240103003197000
31240103003198000
31240103003199000
31240103003200000
31240103003201000
31240103003202000
31240103003203000
31240103003204000
31240103003205000
31240103003206000
31240103003207000
31240103003208000
31240103003209000
31240103003210000
31240103003211000
31240103003212000
31240103003213000
31240103003214000
31240103003215000
31240103003216000
31240103003217000
31240103003218000
31240103003219000
31240103003220000
31240103003221000
31240103003222000
31240103003223000
31240103003224000
31240103003225000
31240103003226000
31240103003227000
31240103003228000
31240103003229000
31240103003230000
31240103003231000
31240103003233000
31240103003234000
31240103003235000
31240103003236000
31240103003237000
31240103003238000
31240103003239000
31240103003240000
31240103003243000
31240103003244000
31240103003246000
31240103003247000
31240103003248000
31240103003250000
31240103003251000
31240103003252000
31240103003253000
31240103003254000
31240103003255000
31240103003256000
31240103003257000
31240103003258000
31240103003259000
31240103003261000
31240103003262000
31240103003263000
31240103003264000
31240103003265000
31240103003266000
31240103003269000
31240103003270000
